910.4464519
601.9774012
866.1555045
865.4744191
953.0460201
1008.297628
1008.728819
661.0491231
1000.559713
1085.993428
776.6752976
880.6629172
700.042912
992.1352606
843.8133187
737.3715937
1141.813396
1173.805242
1049.064547
843.1583141
1161.28428
692.1991248
638.0536279
1125.792192
673.8256732
751.483614
923.032825
1006.968472
634.3091611
1141.134487
650.8076566
1019.66523
1002.984036
1110.653175
1050.093507
997.2878958
937.8216316
891.3795609
1176.601922
1119.456473
945.4499903
1192.382709
1198.474174
816.3318934
988.2609639
748.312114
952.6906627
943.4989249
722.8618172
877.2863433
1121.981896
925.6320075
1106.757743
873.7225648
620.8184698
757.4462558
753.8460894
1165.629938
1168.967431
805.1388388
999.3613906
678.3228564
620.0237006
1167.558348
1011.353865
880.3747163
649.3365817
625.4980585
992.637575
678.4816108
1039.765422
638.9722982
1030.00111
985.886155
634.899059
1107.65792
1130.576831
901.8485579
1015.737371
832.5167197
1046.158832
1108.216509
965.2161653
955.4000048
626.8133471
786.1424703
960.565441
1092.586039
912.6632122
1027.882148
935.6222439
752.4168005
1020.585678
791.2873794
1030.121966
818.1468214
1083.36065
706.7802114
832.711557
756.3119706
879.3489612
999.0474858
1113.672348
1108.894015
1151.594837
689.0453433
767.7115824
812.870445
613.3175127
831.879513
685.4821015
984.5289236
625.9031464
1104.63553
877.4033357
841.1929926
647.7679532
730.8611817
750.1781917
936.4138226
974.671242
888.726547
870.1021516
948.5293603
808.4810117
806.7850242
720.9238945
682.7618437
1054.400586
633.7271054
769.1820276
1149.187218
841.7179024
1066.917476
639.6553362
1058.592729
701.502321
980.1626672
633.9961582
766.8194647
933.1986588
613.6809112
859.0039278
658.574516
881.3810174
913.1388408
608.0924571
889.0530341
661.0275539
716.6443392
626.0809728
651.2839585
905.230611
995.9272253
735.7894085
872.6865774
609.00869
1072.030563
963.775957
835.2489642
1112.670694
889.3506666
600.7525304
1103.887036
793.0874795
962.5319354
662.3893767
1097.724146
945.4436909
801.3377613
712.3793827
960.3493599
616.0598912
719.0176128
862.4940857
838.1999114
709.3873114
1077.402664
785.8932223
756.0478964
1033.74123
945.8258368
1075.867733
804.1473346
917.1432664
998.9778414
842.1857614
1084.843147
700.0672239
827.0049764
987.8196209
973.6927654
677.5733353
949.6172187
911.0745947
654.3114752
1193.548111
912.5053527
1082.785891
972.0369831
855.4994383
653.2728712
799.2341823
805.5358571
670.0633463
1127.301641
619.9579812
770.3728611
620.4003567
995.1166053
689.5178145
994.4421635
638.7304535
639.5825759
908.3566096
786.0804053
988.318585
746.4046789
892.102199
936.3349012
1052.397286
714.4409225
701.0527221
1008.562123
1123.553817
1081.676081
862.4123563
1005.880979
744.7239616
761.2824164
1086.767544
1188.95103
868.0682138
947.2177783
1110.843352
784.9867612
1083.815532
1067.81377
604.6625425
1166.684896
778.5766483
1072.548823
1064.839263
695.3443947
806.5961816
781.6792875
1175.393848
902.9260307
843.9771166
903.3546554
1192.295651
1110.147773
978.8246194
1042.268575
1172.428834
1187.366921
884.1661924
943.7225879
1194.224441
949.7242932
1075.359053
1017.746965
1029.955954
1170.276339
805.6375528
1173.930116
942.690529
1049.716597
785.4981989
1099.037703
919.8838999
1183.475116
1186.820482
936.1293264
823.4009074
1138.827544
1144.110184
646.0518901
1109.049848
1096.803454
975.4307461
680.89626
616.5682713
893.1118642
660.7057064
740.4372809
1051.081242
1153.591999
978.9508882
900.5958551
1158.808368
1188.860879
815.9119952
801.3706188
1088.077789
971.8401611
664.3509234
969.8590783
772.5264566
750.2988642
1129.357095
779.2589065
1080.890604
862.9431248
686.6668716
745.4496983
853.4714301
1001.613233
974.7710339
668.4153608
734.1681909
660.8740191
751.3422084
785.2389557
814.2384801
636.6043726
973.5114078
758.1545393
630.3118152
1055.762475
633.8300119
829.9604095
743.0755904
1181.988602
1199.9313
749.5716642
707.3321972
725.333052
982.2854571
1048.894613
1129.900931
974.9403923
673.8281753
665.7577284
624.8885005
966.9795211
1026.179074
786.1425649
1086.076989
968.1258378
740.1819507
687.8192647
948.2719305
920.9702159
939.3563555
1160.134465
785.0443558
872.4643257
1027.41134
811.814286
700.2491416
825.6668726
952.9555642
976.7749866
1132.258117
1022.894541
997.9256999
1024.796953
792.6944942
624.7388249
611.2018504
1047.500838
791.8549902
1168.454496
918.6579184
841.3707467
662.8649824
1114.128227
1093.557992
1157.986832
858.781708
1035.590818
830.6367144
1072.505126
1129.068524
1049.65855
891.4354193
884.9758722
860.0639533
762.3356539
1144.207379
1023.551372
743.3923561
817.1461887
669.3680785
1067.240711
1130.058625
643.7439214
1039.975514
1160.87534
1063.528482
700.414908
694.7190314
694.1461794
1059.674871
966.4413481
621.875733
698.2523913
756.5891839
987.2704046
791.8278955
1157.342125
999.8169402
833.2534179
1121.856654
953.265906
601.0951926
716.0744023
789.7154182
726.1835633
650.7871133
612.9764107
872.1254898
735.8548337
791.2943962
965.1003384
686.3269513
850.6781916
986.6333946
859.1154907
608.6385617
1026.947505
661.2679676
759.2651392
767.8595305
898.0392794
911.7418287
816.1617401
696.8620098
616.5055627
968.0244213
933.0106115
1089.614505
674.5750081
783.4112783
960.9515845
1106.831038
945.7099708
722.3264251
927.6881303
1023.835179
946.2238692
843.9443832
670.8643238
713.5625339
1153.964837
1153.374577
830.5687207
836.4943188
654.9164625
824.6541007
630.4191073
964.7277355
939.8672029
1064.348838
917.0377413
1051.314031
700.2085667
649.9677779
1039.046797
842.3268419
856.293808
810.4649631
895.5772727
650.9101506
863.114466
1104.653769
880.8675437
969.4034769
666.8304169
913.1818619
905.3593267
604.8149135
915.1615716
1012.82907
736.5174373
1070.004937
858.1815192
1119.126503
827.1520831
1160.393509
682.9148385
663.02905
960.1704957
1180.098021
1174.248786
607.0206869
1086.787869
762.8182995
923.9286556
1143.771256
803.7051553
729.7547701
652.7765895
1099.265984
978.1039902
1171.901453
776.7804523
908.3911793
649.214878
893.2986417
1007.561122
966.5776857
1049.801148
775.5837717
1109.145802
879.8718275
993.3870257
733.86186
612.1542016
644.1035842
904.7038122
690.2822884
638.9505049
772.4502957
1186.678316
878.6117062
979.2784196
857.4479505
1039.911038
849.8038393
896.6949572
734.5819897
1059.925733
1106.2385
1122.853885
865.865922
605.3859427
646.2675236
645.9376658
788.1419542
1063.284234
866.8232081
964.3558896
848.7758105
943.5470254
1119.018592
1058.506504
832.8027176
760.0095431
992.8166337
1105.065454
967.7917196
858.4417735
1140.472285
721.0401682
1000.061993
610.2946424
969.5506707
776.9199868
848.2251766
781.3366467
901.4012203
825.3495105
920.9894811
620.2668857
1173.371984
960.2925741
1185.191703
1124.34092
1172.986308
721.8394081
1002.43385
1005.563165
904.0868891
1137.939543
1015.893652
952.0042639
867.0070329
628.8337457
844.4858189
991.9428835
650.9976325
774.1272575
1092.237911
938.9675007
814.4104259
711.6364874
881.2125275
1036.126076
792.6151122
846.7712806
1076.466605
630.6855844
848.1139905
1005.837332
917.2673431
695.3365149
969.0131915
1058.785927
797.5898778
679.655287
1125.539389
1020.85627
727.9802259
797.5673297
1065.03304
611.6856554
649.1356305
874.2395947
627.6201886
722.4873759
1085.854019
1052.259803
828.6561023
764.1188721
891.6240122
629.7079922
827.7729281
909.0210891
1136.438079
642.459262
1113.148396
1170.954829
678.8371494
1099.680869
1166.976302
1022.514632
1007.416913
1022.510204
1137.037266
917.8160688
1003.334091
892.5036648
1017.115527
1195.679921
837.3634718
717.7669978
860.1376054
1072.452784
781.6920805
1183.497998
968.0897465
690.0867683
1050.167422
1183.395715
1102.91782
1175.532223
988.3128783
1148.00745
957.7674241
1125.890343
958.9642845
1117.804856
711.7302499
1112.528425
1104.537616
717.982808
1137.757221
1014.937963
783.6945744
963.1753629
1169.467712
1008.84063
1088.985419
825.8836841
823.1059507
1077.253039
979.3744751
1183.122108
692.3822703
1058.893819
662.0766608
908.0719742
1010.808671
662.0526585
944.4742225
959.2801292
1055.769185
710.9758449
977.1247631
946.8313316
686.1780731
1167.508868
1029.832811
970.3747488
716.0367826
728.6560483
1158.680872
903.0220013
807.7345447
894.8416847
871.3845424
733.6556045
866.6882991
844.1789482
1019.008194
1015.16032
1161.159497
826.2871561
968.4491528
941.5243829
986.9503991
1102.888895
637.5174821
1144.746587
773.22664
1156.529718
871.3981777
1036.00968
613.0281557
691.6960423
847.8294847
1175.103808
755.4431115
791.4745234
1165.95003
1073.405124
1147.18279
616.2887955
852.8745814
804.2812304
1071.813148
1008.494851
605.0218047
994.0509391
967.0249911
750.2826674
1135.329196
1002.187465
657.8547295
873.0581858
843.4450685
1074.410481
652.6534484
1036.804011
623.5320762
1159.925502
613.543977
749.0168639
1060.521791
694.1052572
953.6982378
1124.022528
689.7888211
1017.365165
1003.277122
1019.017443
817.658171
1120.606401
735.0980425
793.737233
831.6975641
943.6838921
882.7195188
962.1747301
729.6251178
962.7246177
1193.996395
786.2002144
678.744943
1059.978662
833.13767
964.5191299
775.777673
936.3755392
893.3787927
917.8187369
682.4758511
813.2403961
929.3020071
1081.656933
941.2450987
1119.223508
939.2639586
945.6091625
645.2071832
766.7083785
1093.444778
1002.927247
702.7064042
883.7890234
815.1282853
763.3166397
1166.160339
669.9593123
874.1634386
1088.031949
722.8874464
876.9817052
1093.550342
963.7515813
993.1258681
1028.40921
1032.863509
960.6045857
709.5027783
1121.081946
898.2340523
769.04475
924.9637695
743.8833971
1167.884448
1161.181308
896.8533955
1091.807661
848.8271638
773.9294558
702.3634773
895.2131362
1107.978656
896.6107831
754.2410838
1042.533313
768.4435256
814.3007845
784.9940126
835.3389799
602.0222066
1034.96559
762.2425739
1002.936909
771.2216212
1197.477187
727.4389531
1153.101078
1184.293703
758.5602545
971.253938
694.9206944
1003.13328
881.8274206
1133.684967
1190.310449
1160.860128
1000.994586
1155.996112
838.1733467
937.8263842
624.7555093
1055.470668
607.8741423
603.446112
857.5912432
1093.281639
735.6667179
656.1592494
822.9084436
842.8550187
858.0923544
907.3430002
1058.994195
817.9304538
904.6601731
787.6040658
968.9356267
608.0766444
961.2843759
1058.859348
960.6675165
987.9936841
1027.776348
1014.547669
968.039188
1028.556008
763.624191
997.5277726
1133.490243
1075.533525
876.3226322
772.1236597
880.8349059
1180.39302
711.897745
919.5742503
825.7070319
850.9824889
864.0358837
701.4020364
862.7814279
1065.823154
663.9341292
1165.487576
959.9850522
613.819541
996.7141926
992.1995012
810.0860912
927.9811634
790.3787944
1197.131777
987.3977177
806.4904752
775.5895666
1109.568356
871.0291601
1008.727055
844.8025829
823.0826836
1108.424909
1045.907306
1117.65305
687.2626341
941.1258698
813.7513721
1110.743103
672.4935164
955.8019389
671.5353083
719.8449553
815.1356981
630.3777031
1141.282875
634.3427472
1194.359612
771.0961771
950.731135
1050.643473
950.1798177
933.0808725
913.3311013
700.7639789
808.7488352
1106.919701
933.1846749
980.8519571
871.3228419
952.5591867
770.3871862
782.8103621
1164.717924
810.4258923
603.8703069
1194.959185
1114.983554
1121.870098
659.3906157
636.4312447
1038.74584
959.7097772
883.1449084
1169.297775
626.8298931
971.6177904
983.9664784
619.000307
716.5985581
833.1536348
1144.137168
1092.947315
1089.119202
804.9575981
924.8845258
995.2338239
678.1558338
1183.917261
665.012316
966.6714461
624.7634352
1166.923284
770.3096999
941.4120686
1133.515746
1085.391835
940.0148958
702.8307827
1052.628391
729.6814152
622.7077604
872.5375135
1082.034922
1166.67747
738.0571844
1038.880237
1154.383643
748.6857312
1034.755529
892.9453956
1126.613472
1138.889141
643.4536076
1074.239587
854.8432381
1015.562329
715.2339358
1070.376893
716.1481903
855.2804609
651.6213382
668.1109684
1195.387209
1137.59376
767.022792
807.7138596
1177.672689
944.2355816
765.9544422
659.2418746
1038.089413
955.5166484
1072.079282
868.4793193
1137.022461
1074.389743
1053.057035
727.9329489
829.2088049
933.9165021
995.3430289
891.9636409
843.7046049
625.2178217
746.447519
675.8918962
964.9942277
623.9616123
1162.21079
718.1731206
838.6707737
988.5328211
1043.8745
987.7232298
678.6038793
886.202981
1081.788387
846.5251324
794.8046752
897.953236
621.1333842
1147.923612
749.5600637
638.124279
1023.454385
948.3929507
774.1342239
824.0053569
754.5018415
697.7482948
963.2202436
1132.796346
1120.317759
867.2223076
738.2009166
1195.270891
908.6894106
790.455965
713.8905472
872.4716139
901.2002501
682.3428515
942.7843464
953.8972089
729.5959441
718.1237389
925.7367231
982.6825408
1061.17563
992.9724984
923.818501
796.9682288
1159.770397
840.0807397
998.4024653
678.3520372
724.0529277
1049.587425
810.2666267
1190.022835
774.8004928
703.7211837
972.1734046
649.7924922
777.9015567
965.7612269
946.411247
983.8696213
611.8124402
758.2988344
918.6359862
1155.621987
809.7912671
938.9748578
845.2600957
1042.301604
990.6352376
792.4480195
1098.919779
822.0328847
1000.673652
761.4350017
1139.514289
728.1750626
792.6067594
777.9554475
855.2051577
820.6043089
1042.855305
1072.735986
777.3130384
709.3699448
966.4315878
1182.713304
697.7898881
810.8903512
689.102545
1057.348383
1031.370215
694.8640986
653.7339936
1029.152644
1171.100493
913.5204519
1160.334383
719.7837801
700.6135496
1159.144747
648.7182961
1023.290121
628.388115
821.0218909
993.5305442
1120.846604
614.9850927
905.6926526
1191.015653
1153.840923
619.9618399
1089.957174
932.2356234
1133.065168
960.702606
1143.99091
1194.821713
1047.572373
868.3866113
703.5075336
1139.392055
1118.638583
760.726829
763.6066065
919.6876243
846.2338819
1079.995655
799.7680322
1158.636848
973.2667593
871.0838918
977.6632505
884.3228519
732.3559862
664.0959137
768.4259664
649.4434414
979.3011825
600.624178
1007.887511
983.4157743
1087.221982
1191.059336
749.0005509
1074.650605
1134.572059
812.1820687
791.4760467
1099.70632
841.2563078
845.4244622
958.0974921
1164.742931
778.8980712
810.9588513
1008.302555
738.1251281
1076.640102
1034.203218
604.9841307
1017.201506
746.2790931
703.4179593
1006.809536
1008.849732
1038.313223
892.7903275
823.7050625
1183.317109
622.8185409
1132.274002
1016.671031
618.4470139
980.671539
637.6459459
678.9420387
646.0859684
946.3280286
1100.984719
1165.00542
702.1465055
967.7258596
866.6857869
697.5332901
628.4823299
730.1343531
812.1546904
658.5138372
1094.175657
952.7688457
785.4072989
848.2510979
1085.729117
646.9192828
1196.947676
1004.273478
1110.42784
1113.908846
1017.909281
684.4248152
903.5357215
1003.460336
1086.756675
1071.958789
813.755883
753.0677944
997.2057114
949.0453798
925.259675
857.9687131
869.8498884
1082.574468
752.4862153
933.6949342
767.9731128
878.3880281
954.0505614
959.9393789
1195.019031
1111.395158
1170.072643
980.5424927
1027.853424
816.5782447
996.30996
1088.611995
921.9205669
729.7168112
778.3811679
639.8957317
1047.822705
898.8973201
996.3165228
917.4813726
871.5999106
664.1809557
940.0555335
665.8612931
1092.307647
926.2934707
1119.518454
961.9424771
886.1631338
1059.944105
651.2392631
684.7447755
688.943224
1156.21994
982.1703276
812.3181434
623.1204138
1172.949925
1181.363938
791.2955522
910.348769
1149.192744
655.8603105
731.9381705
1129.639716
1170.439134
997.1289378
619.758678
795.2876236
697.0732733
1026.245733
1162.941548
905.9169781
823.913739
711.0800828
808.9694649
769.8538351
605.6451695
1099.685958
1011.661301
698.2724546
647.7587789
884.4183987
1175.803892
988.6317773
1030.40683
1073.051046
1131.91525
924.3652193
722.9008272
747.1863707
897.8665826
990.6918813
805.6943025
1113.134927
1032.27202
972.3993741
785.7380718
976.3608209
899.2663949
1161.252805
760.6047959
862.8606629
899.6248923
1120.296032
770.2082781
1076.229241
1056.484915
1160.854188
689.7009542
692.90489
858.7874565
675.4347954
999.1297749
894.9030842
1143.013018
745.4743126
733.4126723
965.1274226
630.8627606
996.5468673
1123.988497
863.5157393
765.6301986
772.4484474
956.6020345
823.8639941
836.2130911
794.0091636
792.5500446
697.1359589
718.6183025
792.9344634
737.8570189
1015.153895
991.7995673
858.1256539
975.1470935
719.7765139
808.1590111
631.2552248
778.0833394
911.7705635
780.5836356
739.2422856
1070.891317
862.6456796
905.9430816
782.9172418
790.8238122
752.4021381
982.0578858
1124.064161
986.2794954
1115.080315
717.4104442
729.0174905
816.2080976
1120.626509
873.1621769
760.5389802
1192.729109
845.8951699
1073.225214
824.9344628
785.0388516
739.9128662
937.9473969
641.9684888
743.6162698
1081.595298
1151.678043
738.6542629
1112.914649
811.7736333
872.7949718
680.3002099
1112.849983
616.1668774
1051.020119
904.9710212
721.4558057
890.166971
672.0823548
946.8245555
810.2345494
1017.230585
803.1364408
841.3563674
900.868638
880.7223262
760.9796005
1128.921765
1040.734987
1009.18433
831.730882
801.033866
1079.370974
1129.591842
756.6573438
857.5888033
