21.834626819881958
18.609679247841573
18.501125031096336
18.452876617174248
20.56460474642412
21.190556247378236
21.70976033464332
23.15282467351232
19.763996557384193
17.74208939760881
22.3668282825068
15.9153987032214
15.220534384821974
18.715163405151255
19.097356781294046
17.914935028469298
20.264121740046708
20.112982821126295
18.80870483399818
18.018306510262523
18.986760406135694
21.847935741285735
19.258258255894486
23.40523523099478
18.949642233745834
18.485091713537507
16.264800465821907
20.179277811743283
21.070006657485692
22.02473785182121